Top 10
Hit Ratio:0.03570293724760679
Precision:0.03654477706201844
Recall:0.040462093123915195
NDCG:0.04756237092474931
Top 20
Hit Ratio:0.06085202084239558
Precision:0.031143425539977263
Recall:0.06825280201864091
NDCG:0.05764331925089575
