Top 10
Hit Ratio:0.11230660686388147
Precision:0.025464206136090954
Recall:0.10903199863708123
NDCG:0.07544604858950232
Top 20
Hit Ratio:0.1609887617799728
Precision:0.018251156944523797
Recall:0.15271737804815755
NDCG:0.08892627847977368
