Top 10
Hit Ratio:0.08844428765811621
Precision:0.02005370507912929
Recall:0.09132308233927092
NDCG:0.06257421042172316
Top 20
Hit Ratio:0.1247039258176687
Precision:0.014137576415471633
Recall:0.12631685693934622
NDCG:0.07338565889865498
