Top 10
Hit Ratio:0.11200423323086227
Precision:0.02539564646060675
Recall:0.10965739318693692
NDCG:0.0750465321418188
Top 20
Hit Ratio:0.16328176183036838
Precision:0.01851111238073473
Recall:0.15525350361056833
NDCG:0.08922040536966538
