Top 10
Hit Ratio:0.10981202439147307
Precision:0.024898588813346282
Recall:0.10697596375174354
NDCG:0.0734900013797438
Top 20
Hit Ratio:0.15799022325253237
Precision:0.017911215220247956
Recall:0.1507908695798442
NDCG:0.08699937759596058
