Top 10
Hit Ratio:0.11107191452905307
Precision:0.025184254127863796
Recall:0.10689336610385357
NDCG:0.0740007686065278
Top 20
Hit Ratio:0.15751146500025198
Precision:0.01785693881048963
Recall:0.1487716060105123
NDCG:0.08693551310587286
